noteHarryPotter = ['B 4 0.3 ', 'E 5 0.6 ', 'G 5 0.2 ', 'F# 5 0.3 ', 'E 5 0.6 ', ...
                   'B 5 0.4 ', 'A 5 0.8 ', 'F# 5 0.8 ', 'E 5 0.6 ', 'G 5 0.2 ', ...
                   'F# 5 0.3 ', 'D# 5 0.7 ', 'F 5 0.4 ', 'B 4 1.6 ', 'B 4 0.3 ', ...
                   'E 5 0.6 ', 'G 5 0.2 ', 'F# 5 0.3 ', 'E 5 0.6 ', 'B 5 0.4 ', ...
                   'D 6 0.6 ', 'C# 6 0.3 ', 'C 6 0.6 ', 'G# 5 0.3 ', 'C 5 0.5 ', ...
                   'B 5 0.2 ', 'A# 5 0.3 ', 'A# 4 0.6 ', 'G 5 0.3 ', 'E 5 1.6 ', ...
                   'G 5 0.3 ', 'B 5 0.6 ', 'G 5 0.3 ', 'B 5 0.6 ', 'G 5 0.3 ', ...
                   'C 6 0.6 ', 'B 5 0.3 ', 'A# 5 0.6 ', 'F# 5 0.3 ', 'G 5 0.5 ', ...
                   'B 5 0.2 ', 'A# 5 0.3 ', 'A# 4 0.6 ', 'B 4 0.4 ', 'B 5 1.6 ', ...
                   'G 5 0.3 ', 'B 5 0.7 ', 'G 5 0.3 ', 'B 5 0.7 ', 'G 5 0.3 ', ...
                   'D 6 0.7 ', 'C# 6 0.3 ', 'C 6 0.8 ', 'G# 5 0.3 ', 'C 6 0.6 ', ...
                   'B 5 0.2 ', 'A# 5 0.3 ', 'A# 4 0.6 ', 'G 5 0.4 ', 'E 5 1 ', 'E 5 1.6'];
